38,49
38,48
38,47
38,46
38,45
38,44
38,43
38,42
38,41
38,40
38,39
38,38
38,37
38,36
38,35
3,1
3,3
10,306
10,218
10,190
10,108
10,180
10,136
10,194
11,16
11,20
11,12
11,6
8,10
8,16
8,4
8,18
8,7
36,5
36,4
36,3
36,2
36,1
36,0
34,4
34,3
34,2
34,1
34,0
33,4
33,3
33,2
33,1
33,0
32,4
32,3
32,2
32,1
32,0
31,3
31,2
31,1
31,0
20,3
20,2
20,1
19,2
19,3
19,1
12,3
12,2
12,1
11,28
11,26
11,18
11,14
11,10
11,8
11,4
11,3
11,2
11,1
10,312
10,252
10,250
10,248
10,220
10,184
10,162
10,158
10,138
10,84
10,78
18,1
10,18
18,3
10,3
